363270439
4269452480
3318064705
58818956
2687071653
2478830816
152279447
2825802027
4016641350
3161552846
136196126
88359146
3511190374
2627942093
3150116995
4006458591
3844048234
311086755
2684479448
1466637608
600526501
1263707563
2084752120
3174786924
1662445206
3070882645
4149231107
2720009609
975188888
4311979
1812494139
2778065670
3903966524
2516729540
3812531195
318154647
3312573203
1296000745
1054796104
1164176630
3894714910
3991565675
897754063
1063098170
3806209340
2093011313
489398092
1555258271
1226617245
444508908
738163574
3904810278
615896034
2199757159
3240998535
3322616063
2697317389
1845294859
3093173056
2221526778
3349792278
3389712176
3579462676
3631039271
208457974
4192034674
2006528391
708127713
1840807545
2896620910
640075313
833466759
90574817
1972869296
2942306108
2102366798
1673903166
2688843941
2446540145
3061797499
1710455507
740736560
1700619758
3418430549
2502862597
1848693267
3616402050
1773200761
4121323514
117445768
3148961872
3183934407
3339237820
3625101623
3239528808
11649090
3463218162
2196236697
974226252
713184034
1254217623
4200699210
342496286
3078702020
3981973054
178278479
2729878083
565599060
3426237158
2124282145
486820795
727643466
1416377514
2178432324
2708169106
1480464508
4253732545
551975121
20847080
457814341
1671747591
3181734500
3793559716
293645726
2165564623
614344849
2866515296
2040844094
2627100242
1670571182
2909102153
9713040
4065335034
1307168605
4189108202
742465456
453604242
492448373
1405299333
3737422713
2837326869
349606534
3041758999
1226381866
2144191688
55679262
3944994662
1572427431
1091523889
691936355
4283766009
2968385125
456825256
1546917738
2055026888
2725649902
602980366
2719975553
1057190462
3687514835
1745946973
826360849
3862099882
3727940805
1532700211
1949964777
448716715
1844664215
2651613819
2545398315
2730819648
2253553092
2913285561
2293692795
3204654684
3360846051
1807833876
784759187
983989185
19608968
4026446070
3284440831
3213713600
1138797495
3374210049
3479786125
137227915
2941597422
2147379315
579205773
3246851089
2472654841
1107369579
658513267
921940353
1482473080
1484856093
3276207240
3377498872
3399576487
1496681034
1493269230
1386973029
1284315990
3848030488
3174436259
107176714
3095619260
3371458266
990028879
4165925250
2386348660
3977106779
1617004084
3947791629
3145040809
575943702
1799132311
1509459720
576766464
1911347732
3062436186
3012685478
1653902695
4121414092
3125366617
676675124
3130818078
1992986461
1698410878
3796720946
395447299
2733107137
248428164
1827092755
3629949169
2661919729
3410289955
3477307806
2637736512
3460798797
1713481770
2360706728
2870166555
494463529
2534187316
4031802720
2491642869
104675160
2813693295
319302802
3539294088
4114006114
2331531773
72258493
1125975084
1115859984
3586542407
3440632581
105361369
310422002
2661911234
854393314
149361341
144489623
3543715669
3402332289
2068180026
2725915989
1768660464
1056774346
2583809177
3477649952
2569593394
2145533880
2350254205
362144479
1556472814
4097960694
2134573800
2096015613
3908711452
2963908119
4153508678
1644293804
1697663324
264232841
1877658312
3185745799
3544346547
2938293974
18123086
3797882543
1232833822
297604355
3832072282
1889375721
2901904263
3217641409
1732130553
1635100512
4264576617
3330897872
217177455
1645494954
2902280611
2728441378
3483234075
350442114
3481741973
1038019095
3106142576
2326302512
3237538123
2753473488
1287170886
2099359417
825443713
1566334366
3510012600
3554023990
2156330728
2231516391
566339542
3919529823
1895968687
1173921728
2489624466
1312539859
291818456
4206200712
2317084166
2767301046
298593048
3953286978
4080038091
3355284892
2543720629
940477702
2648246536
3097222899
1686961150
975613589
1918009794
2297726464
2888143298
3405224780
2074137017
3045760876
2618886869
4276007037
317929715
3996182461
137232685
1125294370
1759982100
2937418936
2986704344
1550994760
1291238290
1532915512
1459154559
2021229244
1170395507
2223421996
4249374210
594859323
597135229
2454433855
4260629342
2138905384
2680071097
1745410482
1644318943
960508733
1321557581
3501106783
1591243515
3214965884
2621422371
619417320
2650475560
2955497338
1500719408
3790390396
1457196799
600832987
2139860861
2783267406
2674492425
897260661
925218935
1279467624
1851037863
111369872
1308909450
1851948467
2833523957
3002212843
812465175
1172927954
1833379611
2579275630
1940946835
3269426072
1631373174
2378006461
1799049075
2547019058
3625409635
2509716487
2511603554
3652071803
2765070360
2393785629
3927654804
541656943
763799002
3489583946
1839108729
1107344986
2260578719
227024715
2001925674
4046542830
2161112981
3521403986
2493672467
318319466
1174824794
1433579534
454878372
3840231341
641796622
2523104848
3671481794
3420460562
4142447903
1358830043
1526373139
3998106571
2305721834
1815252774
1039803937
1422398429
3926696458
4271330911
1604397740
1195257559
2132192035
1146345688
591730064
2066987150
3027086497
2099214212
508113803
595587100
487315637
3624646797
511934945
1547133769
3714637719
887867927
1804974187
3894671900
3082665019
3972381438
516763133
370056701
3028650873
49760345
1681242723
3704791729
3960489288
2648730238
1738150654
2328721747
260434263
2827148566
3362238034
4148582627
2760669747
794057013
3496893561
4240730027
2381964712
2125634681
3131640195
1441851649
1216253240
3954661740
3610593273
2408153407
2399818078
3098857802
3899424045
696216698
3648096360
4143668368
3885054524
2342791261
983938927
1420078421
3332204805
334280500
3871436246
3881747421
3334525566
4239233075
4001179839
2521408474
2485566121
3656300040
907923207
2025403616
3490928536
2924834091
3013551689
551960612
3770219499
1068238360
2172374990
2031358622
2451967146
2982641522
2490363908
763878279
1213179201
1630655974
353273896
2655206608
1300393574
4018486282
3425963305
1473027071
3157075776
2185819928
495792504
3801625664
4010626257
922513765
4152933355
1691228755
349895897
2852045269
1052301152
1741816051
2927958018
38810819
3124176112
2385983073
1807388359
2834612278
3109059583
4045615810
4279495427
3923470783
230213718
881431334
2924542181
987119260
3545167452
1934539220
2259219309
3060212845
3142418198
2658509303
1870194542
3968023460
2940075699
4126330048
1008161092
3083922386
2902342323
1153225384
3910821642
3966597335
3715029686
2943503004
3667501382
192788257
1404666059
824216315
1286606014
1912780665
2704844982
316979080
1883959153
2669273500
1587640717
1689429898
1395260036
1158592314
1194927348
2936287477
1405686069
847000454
1172402408
2089662297
63116168
3391012748
2528836942
3555264238
3806200986
1187853548
2318515366
2113943942
765659666
3787550910
810673158
717006476
178320512
2660389800
471652626
1523081651
1541093550
2393481890
964657680
1319418277
10283313
371002985
2084935779
1826583827
4256777727
2547610261
1226326548
1907227857
3438641119
613997931
1144906618
4270843865
3043750203
1057258641
3383912370
1771663110
3212061825
256800730
1367273625
2077912530
2871129038
1954707350
2662250225
2175717120
2829324514
2435270608
4057970230
1929585103
864800017
70383850
4012421269
3209314353
2887863842
434610847
2129188624
2255002000
1721880052
218593336
3185921324
3413051312
1599412987
3654683045
2299327220
4167543737
4294067997
420820853
2469918947
1163153550
3743502677
1845910925
1655128192
2326477617
3914267596
3878942588
3949521892
1811840063
358926118
3885026127
3184374596
3645385008
2992238167
1536911355
1630567972
1551750390
1084953367
2014227245
2997262983
3955069101
436276018
3783684142
3593462283
3884424516
1207399935
2716781196
652110137
2668840417
2377460434
2387494689
356993991
445805380
3979377838
1698346437
1275151385
2779581212
1631352037
429307471
2586603489
1955565735
618249150
1251779557
76721268
1035902490
3323417686
3464097772
1667903569
2101527743
913618399
3179243900
2336030168
2540546008
2831139014
1467028813
3854307564
4247606460
2501326702
3829482189
3167639199
4233206750
4245168962
3875352471
3707194539
2521187503
904964679
8855961
1892964063
3547310299
3600517734
4002493981
3338408723
4164531863
2116247991
4284892080
2015770644
1153384421
110080503
2907542395
1374212214
2826480932
2787984544
1245473625
1819923502
4008995637
3213643867
3852894803
2721962876
134594441
1478090395
3941785433
2728093477
463659454
3791750595
1536272588
3878010466
172479011
1338986957
1474721851
1630946068
2340536772
152736513
4129322852
1365242336
3809404757
275897234
3006228878
3245357648
1878741999
1338865687
2485989189
3003755013
2055307312
4178354225
827789152
2929888221
1274993333
81485262
2349914753
126937331
1480697432
3463650650
1885031031
3877201630
693758073
543793551
1771968220
3474399703
743561612
593039783
1919824593
2859687918
3241597418
3257943640
580236965
3236388759
3918527950
3683786924
629416214
4038392572
576799810
3069848062
2902825298
3963538785
1528469449
2499097503
695395631
2872018271
2700248146
1729224310
3557410795
3871592341
2131207608
4031154795
1721392816
3417077129
2945520697
1592194723
1768017311
3436233780
629513763
4172323584
1361660736
2430121835
4271880132
582425473
1320705630
1109869895
